100 0 28536
100 0 35203
100 0 45204
100 0 55205
100 0 65206
200 0 9771
200 0 19772
200 0 29773
200 0 39774
200 0 49775
300 0 59876
300 0 4341
300 0 14342
300 0 24343
300 0 34344
400 0 44445
400 0 54446
400 0 64447
400 0 8912
400 0 18913
500 0 29014
500 0 39015
500 0 49016
500 0 59017
500 0 3482
600 0 13583
600 0 23584
600 0 33585
600 0 43586
600 0 53587
700 0 63688
700 0 8153
700 0 18154
700 0 28155
700 0 38156
800 0 48257
800 0 58258
800 0 2723
800 0 12724
800 0 22725
900 0 32826
900 0 42827
900 0 52828
900 0 62829
900 0 7294
1000 0 17395
1000 0 27396
1000 0 37397
1000 0 47398
1000 0 57399
1100 0 1964
1100 0 11965
1100 0 21966
1100 0 31967
1100 0 41968
1200 0 52069
1200 0 62070
1200 0 6535
1200 0 16536
1200 0 26537
1300 0 36638
1300 0 46639
1300 0 56640
1300 0 1105
1300 0 11106
1400 0 21207
1400 0 31208
1400 0 41209
1400 0 51210
1400 0 61211
1500 0 5776
1500 0 15777
1500 0 25778
1500 0 35779
1500 0 45780
1600 0 55881
1600 0 346
1600 0 10347
1600 0 20348
1600 0 30349
1700 0 40450
1700 0 50451
1700 0 60452
1700 0 4917
1700 0 14918
1800 0 25019
1800 0 35020
1800 0 45021
1800 0 55022
1800 0 65023
1900 0 9588
1900 0 19589
1900 0 29590
1900 0 39591
1900 0 49592
2000 0 59693
2000 0 4158
2000 0 14159
2000 0 24160
2000 0 34161
2100 0 44262
2100 0 54263
2100 0 64264
2100 0 8729
2100 0 18730
2200 0 28831
2200 0 38832
2200 0 48833
2200 0 58834
2200 0 3299
2300 0 13400
2300 0 23401
2300 0 33402
2300 0 43403
2300 0 53404
2400 0 63505
2400 0 7970
2400 0 17971
2400 0 27972
2400 0 37973
2500 0 48074
2500 0 58075
2500 0 2540
2500 0 12541
2500 0 22542
2600 0 32643
2600 0 42644
2600 0 52645
2600 0 62646
2600 0 7111
2700 0 17212
2700 0 27213
2700 0 37214
2700 0 47215
2700 0 57216
2800 0 1781
2800 0 11782
2800 0 21783
2800 0 31784
2800 0 41785
2900 0 51886
2900 0 61887
2900 0 6352
2900 0 16353
2900 0 26354
3000 0 36455
3000 0 46456
3000 0 56457
3000 0 922
3000 0 10923
3100 0 21024
3100 0 31025
3100 0 41026
3100 0 51027
3100 0 61028
3200 0 5593
3200 0 15594
3200 0 25595
3200 0 35596
3200 0 45597
3300 0 55698
3300 0 163
3300 0 10164
3300 0 20165
3300 0 30166
3400 0 40267
3400 0 50268
3400 0 60269
3400 0 4734
3400 0 14735
3500 0 24836
3500 0 34837
3500 0 44838
3500 0 54839
3500 0 64840
3600 0 9405
3600 0 19406
3600 0 29407
3600 0 39408
3600 0 49409
3700 0 59510
3700 0 3975
3700 0 13976
3700 0 23977
3700 0 33978
3800 0 44079
3800 0 54080
3800 0 64081
3800 0 8546
3800 0 18547
3900 0 28648
3900 0 38649
3900 0 48650
3900 0 58651
3900 0 3116
4000 0 13217
4000 0 23218
4000 0 33219
4000 0 43220
4000 0 53221
4100 0 63322
4100 0 7787
4100 0 17788
4100 0 27789
4100 0 37790
4200 0 47891
4200 0 57892
4200 0 2357
4200 0 12358
4200 0 22359
4300 0 32460
4300 0 42461
4300 0 52462
4300 0 62463
4300 0 6928
4400 0 17029
4400 0 27030
4400 0 37031
4400 0 47032
4400 0 57033
4500 0 1598
4500 0 11599
4500 0 21600
4500 0 31601
4500 0 41602
4600 0 51703
4600 0 61704
4600 0 6169
4600 0 16170
4600 0 26171
4700 0 36272
4700 0 46273
4700 0 56274
4700 0 739
4700 0 10740
4800 0 20841
4800 0 30842
4800 0 40843
4800 0 50844
4800 0 60845
4900 0 5410
4900 0 15411
4900 0 25412
4900 0 35413
4900 0 45414
5000 0 55515
5000 0 65516
5000 0 9981
5000 0 19982
5000 0 29983
5100 0 40084
5100 0 50085
5100 0 60086
5100 0 4551
5100 0 14552
5200 0 24653
5200 0 34654
5200 0 44655
5200 0 54656
5200 0 64657
5300 0 9222
5300 0 19223
5300 0 29224
5300 0 39225
5300 0 49226
5400 0 59327
5400 0 3792
5400 0 13793
5400 0 23794
5400 0 33795
5500 0 43896
5500 0 53897
5500 0 63898
5500 0 8363
5500 0 18364
5600 0 28465
5600 0 38466
5600 0 48467
5600 0 58468
5600 0 2933
5700 0 13034
5700 0 23035
5700 0 33036
5700 0 43037
5700 0 53038
5800 0 63139
5800 0 7604
5800 0 17605
5800 0 27606
5800 0 37607
5900 0 47708
5900 0 57709
5900 0 2174
5900 0 12175
5900 0 22176
6000 0 32277
6000 0 42278
6000 0 52279
6000 0 62280
6000 0 6745
6100 0 16846
6100 0 26847
6100 0 36848
6100 0 46849
6100 0 56850
6200 0 1415
6200 0 11416
6200 0 21417
6200 0 31418
6200 0 41419
6300 0 51520
6300 0 61521
6300 0 5986
6300 0 15987
6300 0 25988
6400 0 36089
6400 0 46090
6400 0 56091
6400 0 556
6400 0 10557
6500 0 20658
6500 0 30659
6500 0 40660
6500 0 50661
6500 0 60662
6600 0 5227
6600 0 15228
6600 0 25229
6600 0 35230
6600 0 45231
6700 0 55332
6700 0 65333
6700 0 9798
6700 0 19799
6700 0 29800
6800 0 39901
6800 0 49902
6800 0 59903
6800 0 4368
6800 0 14369
6900 0 24470
6900 0 34471
6900 0 44472
6900 0 54473
6900 0 64474
7000 0 9039
7000 0 19040
7000 0 29041
7000 0 39042
7000 0 49043
7100 0 59144
7100 0 3609
7100 0 13610
7100 0 23611
7100 0 33612
7200 0 43713
7200 0 53714
7200 0 63715
7200 0 8180
7200 0 18181
7300 0 28282
7300 0 38283
7300 0 48284
7300 0 58285
7300 0 2750
7400 0 12851
7400 0 22852
7400 0 32853
7400 0 42854
7400 0 52855
7500 0 62956
7500 0 7421
7500 0 17422
7500 0 27423
7500 0 37424
7600 0 47525
7600 0 57526
7600 0 1991
7600 0 11992
7600 0 21993
7700 0 32094
7700 0 42095
7700 0 52096
7700 0 62097
7700 0 6562
7800 0 16663
7800 0 26664
7800 0 36665
7800 0 46666
7800 0 56667
7900 0 1232
7900 0 11233
7900 0 21234
7900 0 31235
7900 0 41236
8000 0 51337
8000 0 61338
8000 0 5803
8000 0 15804
8000 0 25805
8100 0 35906
8100 0 45907
8100 0 55908
8100 0 373
8100 0 10374
8200 0 20475
8200 0 30476
8200 0 40477
8200 0 50478
8200 0 60479
8300 0 5044
8300 0 15045
8300 0 25046
8300 0 35047
8300 0 45048
8400 0 55149
8400 0 65150
8400 0 9615
8400 0 19616
8400 0 29617
8500 0 39718
8500 0 49719
8500 0 59720
8500 0 4185
8500 0 14186
8600 0 24287
8600 0 34288
8600 0 44289
8600 0 54290
8600 0 64291
8700 0 8856
8700 0 18857
8700 0 28858
8700 0 38859
8700 0 48860
8800 0 58961
8800 0 3426
8800 0 13427
8800 0 23428
8800 0 33429
8900 0 43530
8900 0 53531
8900 0 63532
8900 0 7997
8900 0 17998
9000 0 27999
9000 0 38100
9000 0 48101
9000 0 58102
9000 0 2567
9100 0 12568
9100 0 22669
9100 0 32670
9100 0 42671
9100 0 52672
9200 0 62673
9200 0 7238
9200 0 17239
9200 0 27240
9200 0 37241
9300 0 47242
9300 0 57343
9300 0 1808
9300 0 11809
9300 0 21810
9400 0 31811
9400 0 41912
9400 0 51913
9400 0 61914
9400 0 6379
9500 0 16380
9500 0 26481
9500 0 36482
9500 0 46483
9500 0 56484
9600 0 949
9600 0 11050
9600 0 21051
9600 0 31052
9600 0 41053
9700 0 51054
9700 0 61155
9700 0 5620
9700 0 15621
9700 0 25622
9800 0 35623
9800 0 45724
9800 0 55725
9800 0 190
9800 0 10191
9900 0 20192
9900 0 30293
9900 0 40294
9900 0 50295
9900 0 60296
100 0 4761
100 0 14963
100 0 24964
100 0 34965
100 0 44966
200 0 55067
200 0 65068
200 0 9533
200 0 19534
200 0 29535
300 0 39636
300 0 49637
300 0 59638
300 0 4103
300 0 14104
400 0 24205
400 0 34206
400 0 44207
400 0 54208
400 0 64209
500 0 8774
500 0 18775
500 0 28776
500 0 38777
500 0 48778
600 0 58879
600 0 3344
600 0 13345
600 0 23346
600 0 33347
700 0 43448
700 0 53449
700 0 63450
700 0 7915
700 0 17916
800 0 28017
800 0 38018
800 0 48019
800 0 58020
800 0 2485
900 0 12586
900 0 22587
900 0 32588
900 0 42589
900 0 52590
1000 0 62691
1000 0 7156
1000 0 17157
1000 0 27158
1000 0 37159
1100 0 47260
1100 0 57261
1100 0 1726
1100 0 11727
1100 0 21728
1200 0 31829
1200 0 41830
1200 0 51831
1200 0 61832
1200 0 6297
1300 0 16398
1300 0 26399
1300 0 36400
1300 0 46401
1300 0 56402
1400 0 967
1400 0 10968
1400 0 20969
1400 0 30970
1400 0 40971
1500 0 51072
1500 0 61073
1500 0 5538
1500 0 15539
1500 0 25540
1600 0 35641
1600 0 45642
1600 0 55643
1600 0 108
1600 0 10109
1700 0 20210
1700 0 30211
1700 0 40212
1700 0 50213
1700 0 60214
1800 0 4779
1800 0 14780
1800 0 24781
1800 0 34782
1800 0 44783
1900 0 54884
1900 0 64885
1900 0 9350
1900 0 19351
1900 0 29352
2000 0 39453
2000 0 49454
2000 0 59455
2000 0 3920
2000 0 13921
2100 0 24022
2100 0 34023
2100 0 44024
2100 0 54025
2100 0 64026
2200 0 8591
2200 0 18592
2200 0 28593
2200 0 38594
2200 0 48595
2300 0 58696
2300 0 3161
2300 0 13162
2300 0 23163
2300 0 33164
2400 0 43265
2400 0 53266
2400 0 63267
2400 0 7732
2400 0 17733
2500 0 27834
2500 0 37835
2500 0 47836
2500 0 57837
2500 0 2302
2600 0 12403
2600 0 22404
2600 0 32405
2600 0 42406
2600 0 52407
2700 0 62508
2700 0 6973
2700 0 16974
2700 0 26975
2700 0 36976
2800 0 47077
2800 0 57078
2800 0 1543
2800 0 11544
2800 0 21545
2900 0 31646
2900 0 41647
2900 0 51648
2900 0 61649
2900 0 6114
3000 0 16215
3000 0 26216
3000 0 36217
3000 0 46218
3000 0 56219
3100 0 784
3100 0 10785
3100 0 20786
3100 0 30787
3100 0 40788
3200 0 50889
3200 0 60890
3200 0 5355
3200 0 15356
3200 0 25357
3300 0 35458
3300 0 45459
3300 0 55460
3300 0 65461
3300 0 9926
3400 0 20027
3400 0 30028
3400 0 40029
3400 0 50030
3400 0 60031
3500 0 4596
3500 0 14597
3500 0 24598
3500 0 34599
3500 0 44600
3600 0 54701
3600 0 64702
3600 0 9167
3600 0 19168
3600 0 29169
3700 0 39270
3700 0 49271
3700 0 59272
3700 0 3737
3700 0 13738
3800 0 23839
3800 0 33840
3800 0 43841
3800 0 53842
3800 0 63843
3900 0 8408
3900 0 18409
3900 0 28410
3900 0 38411
3900 0 48412
4000 0 58513
4000 0 2978
4000 0 12979
4000 0 22980
4000 0 32981
4100 0 43082
4100 0 53083
4100 0 63084
4100 0 7549
4100 0 17550
4200 0 27651
4200 0 37652
4200 0 47653
4200 0 57654
4200 0 2119
4300 0 12220
4300 0 22221
4300 0 32222
4300 0 42223
4300 0 52224
4400 0 62325
4400 0 6790
4400 0 16791
4400 0 26792
4400 0 36793
4500 0 46894
4500 0 56895
4500 0 1360
4500 0 11361
4500 0 21362
4600 0 31463
4600 0 41464
4600 0 51465
4600 0 61466
4600 0 5931
4700 0 16032
4700 0 26033
4700 0 36034
4700 0 46035
4700 0 56036
4800 0 601
4800 0 10602
4800 0 20603
4800 0 30604
4800 0 40605
4900 0 50706
4900 0 60707
4900 0 5172
4900 0 15173
4900 0 25174
5000 0 35275
5000 0 45276
5000 0 55277
5000 0 65278
5000 0 9743
5100 0 19844
5100 0 29845
5100 0 39846
5100 0 49847
5100 0 59848
5200 0 4413
5200 0 14414
5200 0 24415
5200 0 34416
5200 0 44417
5300 0 54518
5300 0 64519
5300 0 8984
5300 0 18985
5300 0 28986
5400 0 39087
5400 0 49088
5400 0 59089
5400 0 3554
5400 0 13555
5500 0 23656
5500 0 33657
5500 0 43658
5500 0 53659
5500 0 63660
5600 0 8225
5600 0 18226
5600 0 28227
5600 0 38228
5600 0 48229
5700 0 58330
5700 0 2795
5700 0 12796
5700 0 22797
5700 0 32798
5800 0 42899
5800 0 52900
5800 0 62901
5800 0 7366
5800 0 17367
5900 0 27468
5900 0 37469
5900 0 47470
5900 0 57471
5900 0 1936
6000 0 12037
6000 0 7284
6000 0 16508
6000 0 26509
6000 0 36510
6100 0 46611
6100 0 56612
6100 0 1077
6100 0 11078
6100 0 21079
6200 0 31180
6200 0 41181
6200 0 51182
6200 0 61183
6200 0 5648
6300 0 15749
6300 0 25750
