800 0 34091
800 0 39898
800 0 49899
900 0 59900
900 0 4365
900 0 14366
900 0 24367
900 0 34368
1000 0 44369
1000 0 54370
1000 0 64371
1000 0 8836
1000 0 18837
1100 0 28838
1100 0 38839
1100 0 48840
1100 0 58841
1100 0 3306
1200 0 13307
1200 0 23308
1300 0 33309
1300 0 43310
1300 0 53311
1400 0 63312
1400 0 7777
1500 0 17778
1500 0 27779
1500 0 37780
1600 0 47781
1600 0 57782
1700 0 2247
1700 0 12248
1700 0 22249
1800 0 32250
1800 0 42251
1900 0 52252
1900 0 62253
1900 0 6718
2000 0 16719
2000 0 26720
2100 0 36721
2100 0 46722
2100 0 56723
2200 0 1188
2200 0 11189
2300 0 21190
2300 0 31191
2300 0 41192
2400 0 51193
2400 0 61194
2500 0 5659
2500 0 15660
2500 0 25661
2600 0 35662
2600 0 45663
2700 0 55664
2700 0 129
2700 0 10130
2800 0 20131
2800 0 30132
2900 0 40133
2900 0 50134
2900 0 60135
3000 0 4600
3000 0 14601
3100 0 24602
3100 0 34603
3100 0 44604
3200 0 54605
3200 0 64606
3300 0 9071
3300 0 19072
3300 0 29073
3400 0 39074
3400 0 49075
3500 0 59076
3500 0 3541
3500 0 13542
3600 0 23543
3600 0 33544
3700 0 43545
3700 0 53546
3700 0 63547
3800 0 8012
3800 0 18013
3900 0 28014
3900 0 38015
3900 0 48016
4000 0 58017
4000 0 2482
4100 0 12483
4100 0 22484
4100 0 32485
4200 0 42486
4200 0 52487
4300 0 62488
4300 0 6953
4300 0 16954
4400 0 26955
4400 0 36956
4500 0 46957
4500 0 56958
4500 0 1423
4600 0 11424
4600 0 21425
4700 0 31426
4700 0 41427
4700 0 51428
4800 0 61429
4800 0 5894
4900 0 15895
4900 0 25896
4900 0 35897
5000 0 45898
5000 0 55899
5100 0 364
5100 0 10365
5100 0 20366
5200 0 30367
5200 0 40368
5300 0 50369
5300 0 60370
5300 0 4835
5400 0 14836
5400 0 24837
5500 0 34838
5500 0 44839
5500 0 54840
5600 0 64841
5600 0 9306
5700 0 19307
5700 0 29308
5700 0 39309
5800 0 49310
5800 0 59311
5900 0 3776
5900 0 13777
5900 0 23778
6000 0 33779
6000 0 43780
6100 0 53781
6100 0 63782
6100 0 8247
6200 0 18248
6200 0 28249
6300 0 38250
6300 0 48251
6300 0 58252
6400 0 2717
6400 0 12718
6500 0 22719
6500 0 32720
6500 0 42721
6600 0 52722
6600 0 62723
6700 0 7188
6700 0 17189
6700 0 27190
6800 0 37191
6800 0 47192
6900 0 57193
6900 0 1658
6900 0 11659
7000 0 21660
7000 0 31661
7100 0 41662
7100 0 51663
7100 0 61664
7200 0 6129
7200 0 16130
7300 0 26131
7300 0 36132
7300 0 46133
7400 0 56134
7400 0 599
7500 0 10600
7500 0 20601
7500 0 30602
7600 0 40603
7600 0 50604
7700 0 60605
7700 0 5070
7700 0 15071
7800 0 25072
7800 0 35073
7900 0 45074
7900 0 55075
7900 0 65076
8000 0 9541
8000 0 19542
8100 0 29543
8100 0 39544
8100 0 49545
8200 0 59546
8200 0 4011
8300 0 14012
8300 0 24013
8300 0 34014
8400 0 44015
8400 0 54016
8500 0 64017
8500 0 8482
8500 0 18483
8600 0 28484
8600 0 38485
8700 0 48486
8700 0 58487
8700 0 2952
8800 0 12953
8800 0 22954
8900 0 32955
9000 0 7423
100 0 58722
100 0 3187
100 0 13188
100 0 23189
200 0 33190
200 0 43191
200 0 53192
200 0 63193
200 0 7658
300 0 17659
300 0 27660
300 0 37661
300 0 47662
300 0 57663
400 0 2128
400 0 12129
400 0 22130
400 0 32131
400 0 42132
500 0 52133
500 0 62134
500 0 6599
500 0 16600
500 0 26601
600 0 36602
600 0 46603
600 0 56604
600 0 1069
600 0 11070
700 0 21071
700 0 31072
700 0 41073
700 0 51074
700 0 61075
800 0 5540
800 0 15541
800 0 25542
800 0 35543
800 0 45544
900 0 55545
900 0 10
900 0 10011
900 0 20012
1000 0 30013
1000 0 40014
1000 0 50015
1000 0 60016
1000 0 4481
1100 0 14482
1100 0 24483
1100 0 34484
1100 0 44485
1100 0 54486
1200 0 64487
1200 0 8952
1200 0 18953
1300 0 28954
1300 0 38955
1400 0 48956
1400 0 58957
1400 0 3422
1500 0 13423
1500 0 23424
1600 0 33425
1600 0 43426
1600 0 53427
1700 0 63428
1700 0 7893
1800 0 17894
1800 0 27895
1800 0 37896
1900 0 47897
1900 0 57898
2000 0 2363
2000 0 12364
2000 0 22365
2100 0 32366
2100 0 42367
2200 0 52368
2200 0 62369
2200 0 6834
2300 0 16835
2300 0 26836
2400 0 36837
2400 0 46838
2400 0 56839
2500 0 1304
2500 0 11305
2600 0 21306
2600 0 31307
2600 0 41308
2700 0 51309
2700 0 61310
2800 0 5775
2800 0 15776
2800 0 25777
2900 0 35778
2900 0 45779
3000 0 55780
3000 0 245
3000 0 10246
3100 0 20247
3100 0 30248
3200 0 40249
3200 0 50250
3200 0 60251
3300 0 4716
3300 0 14717
3400 0 24718
3400 0 34719
3400 0 44720
3500 0 54721
3500 0 64722
3600 0 9187
3600 0 19188
3600 0 29189
3700 0 39190
3700 0 49191
3800 0 59192
3800 0 3657
3800 0 13658
3900 0 23659
3900 0 33660
4000 0 43661
4000 0 53662
4000 0 63663
4100 0 8128
4100 0 18129
4200 0 28130
4200 0 38131
4200 0 48132
4300 0 58133
4300 0 2598
4400 0 12599
4400 0 22600
4400 0 32601
4500 0 42602
4500 0 52603
4600 0 62604
4600 0 7069
4600 0 17070
4700 0 27071
4700 0 37072
4800 0 47073
4800 0 57074
4800 0 1539
4900 0 11540
4900 0 21541
5000 0 31542
5000 0 41543
5000 0 51544
5100 0 61545
5100 0 6010
5200 0 16011
5200 0 26012
5200 0 36013
5300 0 46014
5300 0 56015
5400 0 480
5400 0 10481
5400 0 20482
5500 0 30483
5500 0 40484
5600 0 50485
5600 0 60486
5600 0 4951
5700 0 14952
5700 0 24953
5800 0 34954
5800 0 44955
5800 0 54956
5900 0 64957
5900 0 9422
6000 0 19423
6000 0 29424
6000 0 39425
6100 0 49426
6100 0 59427
6200 0 3892
6200 0 13893
6200 0 23894
6300 0 33895
6300 0 43896
6400 0 53897
6400 0 63898
6400 0 8363
6500 0 18364
6500 0 28365
6600 0 38366
6600 0 48367
6600 0 58368
6700 0 2833
6700 0 12834
6800 0 22835
6800 0 32836
6800 0 42837
6900 0 52838
6900 0 62839
7000 0 7304
7000 0 17305
7000 0 27306
7100 0 37307
7100 0 47308
7200 0 57309
7200 0 1774
7200 0 11775
7300 0 21776
7300 0 31777
7400 0 41778
7400 0 51779
7400 0 61780
7500 0 6245
7500 0 16246
7600 0 26247
7600 0 36248
7600 0 46249
7700 0 56250
7700 0 715
7800 0 10716
7800 0 20717
7800 0 30718
7900 0 40719
7900 0 50720
8000 0 60721
8000 0 5186
8000 0 15187
8100 0 25188
8100 0 35189
8200 0 45190
8200 0 55191
8200 0 65192
8300 0 9657
8300 0 19658
8400 0 29659
8400 0 39660
8400 0 49661
8500 0 59662
8500 0 4127
8600 0 14128
8600 0 24129
8600 0 34130
8700 0 44131
8700 0 54132
8800 0 64133
8800 0 8598
8800 0 18599
8900 0 28600
9000 0 3068
100 0 44366
100 0 54367
100 0 64368
100 0 8833
200 0 18834
200 0 28835
200 0 38836
200 0 48837
200 0 58838
300 0 3303
300 0 13304
300 0 23305
300 0 33306
300 0 43307
400 0 53308
400 0 63309
400 0 7774
400 0 17775
400 0 27776
500 0 37777
500 0 47778
500 0 57779
500 0 2244
500 0 12245
600 0 22246
600 0 32247
600 0 42248
600 0 52249
600 0 62250
700 0 6715
700 0 16716
700 0 26717
700 0 36718
700 0 46719
800 0 56720
800 0 1185
800 0 11186
800 0 21187
800 0 31188
900 0 41189
900 0 51190
900 0 61191
900 0 5656
900 0 15657
1000 0 25658
1000 0 35659
1000 0 45660
1000 0 55661
1000 0 126
1100 0 10127
1100 0 20128
1100 0 30129
1100 0 40130
1200 0 50131
1200 0 60132
1200 0 4597
1300 0 14598
1300 0 24599
1400 0 34600
1400 0 44601
1400 0 54602
1500 0 64603
1500 0 9068
1600 0 19069
1600 0 29070
1600 0 39071
1700 0 49072
1700 0 59073
1800 0 3538
1800 0 13539
1800 0 23540
1900 0 33541
1900 0 43542
2000 0 53543
2000 0 63544
2000 0 8009
2100 0 18010
2100 0 28011
2200 0 38012
2200 0 48013
2200 0 58014
2300 0 2479
2300 0 12480
2400 0 22481
2400 0 32482
2400 0 42483
2500 0 52484
2500 0 62485
2600 0 6950
2600 0 16951
2600 0 26952
2700 0 36953
2700 0 46954
2800 0 56955
2800 0 1420
2800 0 11421
2900 0 21422
2900 0 31423
3000 0 41424
3000 0 51425
3000 0 61426
3100 0 5891
3100 0 15892
3200 0 25893
3200 0 35894
3200 0 45895
3300 0 55896
3300 0 361
3400 0 10362
3400 0 20363
3400 0 30364
3500 0 40365
3500 0 50366
3600 0 60367
3600 0 4832
3600 0 14833
3700 0 24834
3700 0 34835
3800 0 44836
3800 0 54837
3800 0 64838
3900 0 9303
3900 0 19304
4000 0 29305
4000 0 39306
4000 0 49307
4100 0 59308
4100 0 3773
4200 0 13774
4200 0 23775
4200 0 33776
4300 0 43777
4300 0 53778
4400 0 63779
4400 0 8244
4400 0 18245
4500 0 28246
4500 0 38247
4600 0 48248
4600 0 58249
4600 0 2714
4700 0 12715
4700 0 22716
4800 0 32717
4800 0 42718
4800 0 52719
4900 0 62720
4900 0 7185
5000 0 17186
5000 0 27187
5000 0 37188
5100 0 47189
5100 0 57190
5200 0 1655
5200 0 11656
5200 0 21657
5300 0 31658
5300 0 41659
5400 0 51660
5400 0 61661
5400 0 6126
5500 0 16127
5500 0 26128
5600 0 36129
5600 0 46130
5600 0 56131
5700 0 596
5700 0 10597
5800 0 20598
5800 0 30599
5800 0 40600
5900 0 50601
5900 0 60602
6000 0 5067
6000 0 15068
6000 0 25069
6100 0 35070
6100 0 45071
6200 0 55072
6200 0 65073
6200 0 9538
6300 0 19539
6300 0 29540
6400 0 39541
6400 0 49542
6400 0 59543
6500 0 4008
6500 0 14009
6600 0 24010
6600 0 34011
6600 0 44012
6700 0 54013
6700 0 64014
6800 0 8479
6800 0 18480
6800 0 28481
6900 0 38482
6900 0 48483
7000 0 58484
7000 0 2949
7000 0 12950
7100 0 22951
7100 0 32952
7200 0 42953
7200 0 52954
7200 0 62955
7300 0 7420
7300 0 17421
7400 0 27422
7400 0 37423
7400 0 47424
7500 0 57425
7500 0 1890
7600 0 11891
7600 0 21892
7600 0 31893
7700 0 41894
7700 0 51895
7800 0 61896
7800 0 6361
7800 0 16362
7900 0 26363
7900 0 36364
8000 0 46365
8000 0 56366
8000 0 831
8100 0 10832
8100 0 20833
8200 0 30834
8200 0 40835
8200 0 50836
8300 0 60837
8300 0 5302
8400 0 15303
8400 0 25304
8400 0 35305
8500 0 45306
8500 0 55307
8600 0 65308
8600 0 9773
8600 0 19774
8700 0 29775
8700 0 39776
8800 0 49777
8800 0 59778
8800 0 4243
8900 0 14244
100 0 40011
100 0 50012
100 0 60013
100 0 4478
200 0 14479
200 0 24480
200 0 34481
200 0 44482
200 0 54483
300 0 64484
300 0 8949
300 0 18950
300 0 28951
300 0 38952
400 0 48953
400 0 58954
400 0 3419
400 0 13420
400 0 23421
500 0 33422
500 0 43423
500 0 53424
500 0 63425
500 0 7890
600 0 17891
600 0 27892
600 0 37893
600 0 47894
600 0 57895
700 0 2360
700 0 12361
700 0 22362
700 0 32363
700 0 42364
800 0 52365
800 0 62366
800 0 6831
800 0 16832
800 0 26833
900 0 36834
900 0 46835
900 0 56836
900 0 1301
900 0 11302
1000 0 21303
1000 0 31304
1000 0 41305
1000 0 51306
1000 0 61307
1100 0 5772
1100 0 15773
1100 0 25774
1100 0 35775
1200 0 45776
1200 0 55777
1200 0 242
1300 0 10243
1300 0 20244
1400 0 30245
1400 0 40246
1400 0 50247
1500 0 60248
1500 0 4713
1600 0 14714
1600 0 24715
1600 0 34716
1700 0 44717
1700 0 54718
1800 0 64719
1800 0 9184
1800 0 19185
1900 0 29186
1900 0 39187
2000 0 49188
2000 0 59189
2000 0 3654
2100 0 13655
2100 0 23656
2200 0 33657
2200 0 43658
2200 0 53659
2300 0 63660
2300 0 8125
2400 0 18126
2400 0 28127
2400 0 38128
2500 0 48129
2500 0 58130
2600 0 2595
2600 0 12596
2600 0 22597
2700 0 32598
2700 0 42599
2800 0 52600
2800 0 62601
2800 0 7066
2900 0 17067
2900 0 27068
3000 0 37069
3000 0 47070
3000 0 57071
3100 0 1536
3100 0 11537
3200 0 21538
3200 0 31539
3200 0 41540
3300 0 51541
3300 0 61542
3400 0 6007
3400 0 16008
3400 0 26009
3500 0 36010
3500 0 46011
3600 0 56012
3600 0 477
3600 0 10478
3700 0 20479
3700 0 30480
3800 0 40481
3800 0 50482
3800 0 60483
3900 0 4948
3900 0 14949
4000 0 24950
4000 0 34951
4000 0 44952
4100 0 54953
4100 0 64954
4200 0 9419
4200 0 19420
4200 0 29421
4300 0 39422
4300 0 49423
4400 0 59424
4400 0 3889
4400 0 13890
4500 0 23891
4500 0 33892
4600 0 43893
4600 0 53894
4600 0 63895
4700 0 8360
4700 0 18361
4800 0 28362
4800 0 38363
4800 0 48364
4900 0 58365
4900 0 2830
5000 0 12831
5000 0 22832
5000 0 32833
5100 0 42834
5100 0 52835
5200 0 62836
5200 0 7301
5200 0 17302
5300 0 27303
5300 0 37304
5400 0 47305
5400 0 57306
5400 0 1771
5500 0 11772
5500 0 21773
5600 0 31774
5600 0 41775
5600 0 51776
5700 0 61777
5700 0 6242
5800 0 16243
5800 0 26244
5800 0 36245
5900 0 46246
5900 0 56247
6000 0 712
6000 0 10713
6000 0 20714
6100 0 30715
6100 0 40716
6200 0 50717
6200 0 60718
6200 0 5183
6300 0 15184
6300 0 25185
6400 0 35186
6400 0 45187
6400 0 55188
6500 0 65189
6500 0 9654
6600 0 19655
6600 0 29656
6600 0 39657
6700 0 49658
6700 0 59659
6800 0 4124
6800 0 14125
6800 0 24126
6900 0 34127
6900 0 44128
7000 0 54129
7000 0 64130
7000 0 8595
7100 0 18596
7100 0 28597
7200 0 38598
7200 0 48599
7200 0 58600
7300 0 3065
7300 0 13066
7400 0 23067
7400 0 33068
7400 0 43069
7500 0 53070
7500 0 63071
7600 0 7536
7600 0 17537
7600 0 27538
7700 0 37539
7700 0 47540
7800 0 57541
7800 0 2006
7800 0 12007
7900 0 22008
7900 0 32009
8000 0 42010
8000 0 52011
8000 0 62012
8100 0 6477
8100 0 16478
8200 0 26479
8200 0 36480
8200 0 46481
8300 0 56482
8300 0 947
8400 0 10948
8400 0 20949
8400 0 30950
8500 0 40951
8500 0 50952
8600 0 60953
8600 0 5418
8600 0 15419
8700 0 25420
8700 0 35421
8800 0 45422
8800 0 55423
8800 0 65424
8900 0 9889
100 0 35656
100 0 45657
100 0 55658
100 0 123
200 0 10124
200 0 20125
200 0 30126
200 0 40127
200 0 50128
300 0 60129
300 0 4594
300 0 14595
300 0 24596
300 0 34597
400 0 44598
400 0 54599
400 0 64600
400 0 9065
400 0 19066
500 0 29067
500 0 39068
500 0 49069
500 0 59070
500 0 3535
600 0 13536
600 0 23537
600 0 33538
600 0 43539
600 0 53540
700 0 63541
700 0 8006
700 0 18007
700 0 28008
700 0 38009
800 0 48010
800 0 58011
800 0 2476
800 0 12477
800 0 22478
900 0 32479
900 0 42480
900 0 52481
900 0 62482
900 0 6947
1000 0 16948
1000 0 26949
1000 0 36950
1000 0 46951
1000 0 56952
1100 0 1417
1100 0 11418
1100 0 21419
1100 0 31420
1200 0 41421
1200 0 51422
1200 0 61423
1300 0 5888
1300 0 15889
1400 0 25890
1400 0 35891
1400 0 45892
1500 0 55893
1500 0 358
1600 0 10359
1600 0 20360
1600 0 30361
1700 0 40362
1700 0 50363
1800 0 60364
1800 0 4829
1800 0 14830
1900 0 24831
1900 0 34832
2000 0 44833
2000 0 54834
2000 0 64835
2100 0 9300
2100 0 19301
2200 0 29302
2200 0 39303
2200 0 49304
2300 0 59305
2300 0 3770
2400 0 13771
2400 0 23772
2400 0 33773
2500 0 43774
2500 0 53775
2600 0 63776
2600 0 8241
2600 0 18242
2700 0 28243
2700 0 38244
2800 0 48245
2800 0 58246
2800 0 2711
2900 0 12712
2900 0 22713
3000 0 28427
3000 0 7182
3000 0 17183
3100 0 27184
3100 0 37185
3200 0 47186
3200 0 57187
